7.978848900000001798e-01 -1.623576033750000480e-01
2.391055590000000119e+00 -2.912226033749998333e-01
1.581710790000000255e+00 -2.367000033749999677e-01
1.024287989999999926e+00 -6.507741033750000792e-01
2.222079089999998924e+00 -4.830318033750000684e-01
2.312030489999999272e+00 6.762449966250001498e-01
8.210079900000000208e-01 1.502579966249999455e-01
1.303035690000000191e+00 -3.614631033749999833e-01
9.440286899999996706e-01 2.873993966249999144e-01
1.615251989999999527e+00 8.254742966250001590e-01
2.085046589999999700e+00 1.023419966250000979e-01
1.636741590000000190e+00 1.110539966250001509e-01
1.881621390000000282e+00 7.751987966250004636e-01
1.997345789999999344e+00 5.158715966250000395e-01
1.743354690000000318e+00 -2.747787033749997665e-01
9.613437899999999203e-01 -8.739810337499998028e-02
1.923075989999999624e+00 -6.691056033750000243e-01
8.879088899999998397e-01 -1.389441033750000720e-01
9.808368899999995172e-01 -4.597635033750000488e-01
1.744879289999999639e+00 -6.620634033749999148e-01
2.237325090000000127e+00 4.221449966249999353e-01
1.707453990000000310e+00 5.339126966250000716e-01
2.391345990000000921e+00 -1.314300033749999930e-01
1.875305190000000177e+00 6.938867966249999686e-01
1.102332990000000290e+00 2.064503966249999767e-01
2.290105290000000071e+00 -6.313173033749999163e-01
1.189307789999999532e+00 3.312860966250001926e-01
9.891132900000001449e-01 8.607959662500030973e-02
1.097722890000000451e+00 2.972003966249998630e-01
1.244302290000000255e+00 -8.524569033750000191e-01
1.974186389999999847e+00 -6.056532033749999488e-01
1.346196389999999798e+00 -5.464116033749999435e-01
2.167011990000000221e+00 6.384566966249998199e-01
1.721538389999999641e+00 6.235736966250000624e-01
1.769091389999999819e+00 8.444591966250001303e-01
1.019133389999999917e+00 -5.434350033749997255e-01
1.795626689999999304e+00 -5.197674033749999367e-01
2.669658089999999984e+00 1.774103966249997999e-01
1.145058089999999584e+00 1.324346966250000701e-01
2.086716390000000310e+00 5.070143966250000300e-01
1.995276690000000297e+00 3.575309966250002081e-01
1.891023090000000018e+00 -5.796261033750000902e-01
1.855122390000000010e+00 4.499144966249997157e-01
2.222369489999999725e+00 -8.725290337500024584e-02
1.217984790000000039e+00 -1.918695033749997503e-01
1.611476790000000214e+00 4.734368966250002142e-01
2.460170789999999830e+00 -4.672776033749999058e-01
2.290250489999999584e+00 -8.816421033749999303e-01
1.257188790000000278e+00 5.603390966250001437e-01
1.335052289999999697e+00 -7.133190033749998715e-01
1.174787789999999887e+00 5.488319966249999293e-01
9.125928899999995458e-01 1.282238966250004442e-01
1.500072090000000191e+00 -3.129663033749998657e-01
1.675401089999999815e+00 -7.139361033749997976e-01
1.664474790000000315e+00 -1.006586703375000003e+00
8.732073900000001387e-01 -3.941331033749999602e-01
1.212067889999999704e+00 -7.670793033749998546e-01
1.403840789999999838e+00 -3.396105033750000946e-01
1.253740290000000090e+00 3.692939662500016595e-02
1.902348689999999731e+00 9.254081966250000679e-01
1.762012890000000276e+00 -7.445007033749999614e-01
1.764336090000000024e+00 -1.965522033749997899e-01
1.539639089999999655e+00 7.973780966249999214e-01
2.280086489999999966e+00 -7.185099033749999808e-01
2.107080690000000534e+00 -6.561465033750000231e-01
2.376499290000000375e+00 7.427828966249998555e-01
2.026276890000000108e+00 4.327808966249999667e-01
2.062903590000000342e+00 -8.965977033749999991e-01
1.662006389999999723e+00 -2.516919033749998036e-01
1.265719290000000274e+00 3.689291966250001220e-01
1.041748289999999688e+00 -8.217090337499999286e-02
9.070752899999998675e-01 -2.177151033749999964e-01
1.588099590000000116e+00 -3.267966033750000499e-01
1.519710389999999745e+00 -4.788936033749999766e-01
2.574878789999999196e+00 4.791722966250000493e-01
1.230217889999999592e+00 -5.132697033749997750e-01
2.003371589999999980e+00 7.304789662499966418e-02
9.112134899999997373e-01 -3.063234033749997476e-01
2.171948789999999629e+00 3.658073966249999476e-01
1.604979090000000053e+00 -6.686700033749999328e-01
1.930481190000000069e+00 6.130466966249998872e-01
1.717763190000000328e+00 1.242671966249999649e-01
2.363576489999999364e+00 -5.196930337500016428e-02
1.793811690000000070e+00 6.711992966249999970e-01
1.481196090000000076e+00 -7.402899033749998914e-01
2.213512290000000160e+00 -5.806062033750001294e-01
2.233876589999999940e+00 -3.725709033749999843e-01
2.296530389999999588e+00 -4.310865033749997632e-01
1.706764290000000184e+00 -8.078805033750000586e-01
1.208728289999999816e+00 -3.573975033750000918e-01
1.801035390000000458e+00 -1.220646033750001358e-01
2.070199890000000043e+00 -1.573119033749998952e-01
1.320060389999999639e+00 -9.017160033749997972e-01
8.249646899999998340e-01 -8.445780337499986246e-02
2.028999389999999625e+00 8.290316966250002029e-01
2.325388890000000597e+00 2.466344966250002546e-01
1.457092889999999752e+00 -4.071285033749998394e-01
2.422709190000000401e+00 5.740241966250001493e-01
1.472738189999999836e+00 -6.220590337499998235e-02
1.305758189999999708e+00 1.655402966249999164e-01
8.984358900000000148e-01 3.604712966249998818e-01
2.506888889999999481e+00 2.751662966249999176e-01
1.053110190000000390e+00 -2.047197033750001172e-01
1.392478889999999581e+00 3.606890966250000385e-01
1.890224490000000035e+00 -3.460719033749999340e-01
1.081787189999999566e+00 -2.854146033749997979e-01
1.999923089999999348e+00 1.593692966249999898e-01
2.357913689999999729e+00 -5.220906033749999064e-01
2.172819990000000256e+00 5.539139966250001823e-01
1.665926789999999880e+00 8.925203966249999343e-01
2.019960690000000003e+00 -2.291859033749996666e-01
1.325432790000000249e+00 3.138257966249999864e-01
2.079928289999999791e+00 9.026480966250003402e-01
2.052993689999999649e+00 -5.925489033749999912e-01
1.691481990000000213e+00 -5.020167033750000396e-01
1.653185489999999813e+00 2.893232966250003368e-01
1.734678989999999477e+00 -5.755605033749999766e-01
2.261065289999999894e+00 -2.632716033749999962e-01
9.832689900000004535e-01 -2.570643033750001916e-01
1.624435889999999993e+00 7.410404966249999337e-01
8.036928899999997711e-01 -5.723103374999816140e-03
1.671916290000000416e+00 -3.338388033750001593e-01
1.698415289999999356e+00 8.027867966249997433e-01
2.008998089999999515e+00 5.966027966250002645e-01
2.254386090000000120e+00 5.193926966249999833e-01
2.321250689999998951e+00 -2.103462033750000959e-01
1.541562989999999633e+00 9.769559662500015840e-02
1.763065590000000071e+00 -3.591036033749996914e-01
1.050460289999999741e+00 -4.095606033749998875e-01
1.184080590000000210e+00 -1.149135033749997259e-01
2.136229589999999678e+00 -5.726202033750000808e-01
2.105592389999999536e+00 4.165910966250001568e-01
1.011219989999999846e+00 3.500168966249999070e-01
1.817515589999999737e+00 -6.099729033749998752e-01
1.315123590000000231e+00 -1.933560337500006554e-02
1.015430790000000361e+00 -3.335484033749998023e-01
1.253667689999999890e+00 -2.797518033749997191e-01
1.986746190000000301e+00 9.088190966250000447e-01
1.171629690000000057e+00 2.529506966249999156e-01
1.157000789999999668e+00 -8.362308033749998870e-01
2.457520890000000069e+00 -6.209700337500012601e-02
1.329970290000000332e+00 5.087567966249999518e-01
1.341586289999999959e+00 -6.308817033749998249e-01
2.513205089999999142e+00 6.299279662500034682e-02
1.171920089999999526e+00 6.378395966249998938e-01
1.656597689999999901e+00 2.024210966249999633e-01
1.845611789999999974e+00 1.921844966250001452e-01
1.645816589999999469e+00 6.617975966250002617e-01
1.559313690000000197e+00 -4.547160337500000260e-02
2.380455989999999300e+00 1.847792966250001445e-01
1.603708589999999656e+00 3.668963966250002873e-01
1.093403190000000080e+00 6.099974966249999131e-01
1.714786589999999666e+00 -1.096137033749999823e-01
2.546492189999999933e+00 -2.785176033749998670e-01
1.882964490000000435e+00 -1.370928033750000719e-01
2.248868489999999998e+00 6.131555966250001877e-01
2.002028490000000271e+00 -8.335083033750000370e-01
1.065415890000000143e+00 1.282796624999971158e-03
1.421918189999999971e+00 -5.836917033749999817e-01
9.916179899999999492e-01 4.859240966250000238e-01
1.515644789999999631e+00 -9.167442033749999553e-01
1.260855090000000178e+00 2.604647966250002167e-01
2.456431889999999729e+00 -6.489228033749998570e-01
1.503919889999999704e+00 -2.185863033750001794e-01
2.247089789999999976e+00 2.235113966249999695e-01
1.807387889999999775e+00 1.209275966249998557e-01
2.086534890000000253e+00 1.821293966249999396e-01
2.428117890000000667e+00 1.055726966250001286e-01
2.379875189999999474e+00 -4.468044033749998256e-01
1.941806789999999339e+00 4.478090966250001248e-01
1.101425490000000007e+00 -1.309581033750000234e-01
9.287100899999995995e-01 -5.217639033749998934e-01
2.359184189999999237e+00 -6.958224033750000093e-01
1.312328489999999626e+00 -4.773327033749998893e-01
2.236889489999999814e+00 7.113833966250002749e-01
1.564395690000000450e+00 8.965496966249999478e-01
2.161458090000000443e+00 -4.264401033750000458e-01
1.259330490000000413e+00 -6.783984033749999032e-01
2.311594889999999847e+00 -3.331491033749998110e-01
1.393676790000000221e+00 8.532437966249999395e-01
8.924463899999999228e-01 -3.897390337500006297e-02
2.617567589999999722e+00 4.016354966250001990e-01
2.289379289999999845e+00 3.344804966250001232e-01
2.317620689999999595e+00 4.171355966249998826e-01
1.339807589999999937e+00 -2.827647033750000372e-01
1.335052289999999697e+00 8.542619662499983946e-02
1.857300390000000245e+00 -2.193849033750001620e-01
1.098231090000000076e+00 -6.781080033749999902e-01
8.902683900000001316e-01 2.141096966250002342e-01
1.745786789999999478e+00 9.225404966249997063e-01
2.742403289999999938e+00 3.660269662500037491e-02
2.309961390000000225e+00 -7.962645033749999879e-01
1.401626489999999503e+00 -7.589118033749999714e-01
1.978433489999999573e+00 2.785784966250000050e-01
2.432655390000000306e+00 -7.304163033749999645e-01
2.628348689999999710e+00 3.166589662499985636e-02
2.151039990000000124e+00 -1.383633033750000241e-01
1.678522889999999546e+00 2.048549662500009916e-02
1.437999089999999924e+00 -1.466760033750000858e-01
1.422970889999999766e+00 -4.911993033749999515e-01
2.137536390000000175e+00 -2.236683033749999883e-01
2.069401289999999616e+00 -7.887867033750000090e-01
2.003008589999999867e+00 -9.609213033749999244e-01
1.774282289999999929e+00 -8.576115033749998062e-01
1.221033990000000014e+00 -3.654180337499979281e-02
1.088938289999999753e+00 5.219699966249999878e-01
2.467830090000000087e+00 1.935275966250002977e-01
1.296465390000000273e+00 -1.971330033749998378e-01
2.394867089999999532e+00 6.543923966249998170e-01
1.675183290000000103e+00 -4.112304033750000531e-01
1.313054489999999852e+00 8.329883966250000160e-01
1.109447789999999934e+00 6.984968966249998079e-01
1.782014190000000387e+00 4.852706966249999976e-01
1.824702989999999581e+00 3.477299966249998153e-01
2.192748689999999723e+00 5.275796624999884443e-03
1.636741590000000190e+00 5.699948966249996918e-01
1.190433089999999972e+00 7.279361966250001981e-01
1.197003389999999889e+00 4.145582966249998780e-01
1.160667090000000012e+00 4.553249662500014061e-02
8.271426900000000693e-01 -2.385513033749999678e-01
2.705958089999999761e+00 -3.879240337500000635e-02
1.561818389999999557e+00 -7.352442033749999606e-01
2.492332589999999737e+00 4.580093966250002868e-01
1.264303589999999478e+00 -5.877573033749998732e-01
2.395629389999999415e+00 -8.019273033750000668e-01
2.187775589999999770e+00 -2.918397033749997593e-01
1.149777090000000168e+00 -5.304033033749999682e-01
1.572817290000000146e+00 1.791890966249998218e-01
2.579488889999999923e+00 3.137894966249998863e-01
1.273451189999999844e+00 -1.072179033749998123e-01
1.756676790000000210e+00 -4.439004033749998079e-01
8.276145900000000388e-01 -3.197181033749998402e-01
2.435886089999999893e+00 1.787189662499977238e-02
2.223857789999999834e+00 -1.830123033749999628e-01
2.352650189999999863e+00 3.573149662500019197e-02
8.642412899999993847e-01 -4.727589033749997061e-01
1.179180089999999570e+00 -6.924102033749999219e-01
1.407398189999999882e+00 4.657049966250002004e-01
1.180559489999999823e+00 -6.096825033749999623e-01
2.641126289999999432e+00 2.553464966250003076e-01
2.481406290000000237e+00 6.356615966250001026e-01
2.540321189999999785e+00 -8.481903374999877343e-03
1.591076189999999446e+00 -8.625483033749998807e-01
2.053647090000000119e+00 2.537129966250002422e-01
9.830148899999997525e-01 -1.476003374999868001e-03
2.542172490000000007e+00 -5.114547033749998750e-01
2.218703189999998937e+00 3.008303966250001071e-01
1.661098890000000328e+00 -6.076134033750000274e-01
2.090673089999999679e+00 5.929364966249999203e-01
2.299761090000000063e+00 -1.264569033750000404e-01
1.837553190000000392e+00 -6.913938033749997825e-01
1.941915689999999639e+00 -2.764122033750000540e-01
2.084356889999999574e+00 3.323387966249999881e-01
2.621596889999999735e+00 -4.931940337499995941e-02
1.449034290000000169e+00 9.769559662500015840e-02
2.390728889999999662e+00 -3.716271033749998232e-01
1.689195089999999677e+00 3.729584966249996913e-01
1.485515789999999559e+00 1.724735966249999475e-01
1.596375990000000300e+00 3.264599662499989563e-02
2.137427489999999874e+00 -8.401512033749998221e-01
9.836319900000001226e-01 -1.650438033749996869e-01
2.371707689999999591e+00 3.309593966249997354e-01
1.402679190000000187e+00 5.584514966249998213e-01
1.849132890000000362e+00 8.589428966249996744e-01
2.252062889999999928e+00 1.429616966250002452e-01
1.461122190000000209e+00 3.989492966250003381e-01
1.611331590000000258e+00 -5.279349033749998199e-01
2.572374089999999835e+00 -3.542394033749998172e-01
1.257515489999999847e+00 7.697174966250004413e-01
1.566029189999999627e+00 -5.926941033749999477e-01
8.503020900000000104e-01 2.946956966249996146e-01
2.473456590000000066e+00 -3.385941033749999551e-01
1.946271689999999666e+00 -1.916880033749996937e-01
1.398250589999999516e+00 1.661573966250002865e-01
1.821835289999999663e+00 9.496928966250000048e-01
2.565985289999999974e+00 -1.936119033750001162e-01
1.115655090000000182e+00 -7.600008033749998670e-01
1.936652189999999774e+00 8.399579966250001473e-01
1.954076189999999880e+00 -5.164278033750000496e-01
2.022900990000000121e+00 -6.873645033749997690e-01
1.538259690000000290e+00 -3.937701033749998469e-01
1.982462790000000030e+00 -7.557537033750001410e-01
1.249819890000000377e+00 6.448454966249996811e-01
1.512849689999999914e+00 -1.002956703374999980e+00
2.169915989999999351e+00 1.755590966250000218e-01
2.115792689999999698e+00 8.252201966249999021e-01
1.796098589999999717e+00 7.627115966249997658e-01
1.474516889999999858e+00 6.529403966250002522e-01
2.170678290000000121e+00 8.771309662500015314e-02
1.039352489999999740e+00 1.557755966250000679e-01
1.882819289999999590e+00 -8.468667033749999185e-01
2.376789689999999400e+00 -6.058347033750000055e-01
2.456395590000000073e+00 3.544091966250000336e-01
1.506823890000000166e+00 -6.531699033750000272e-01
2.402889389999999903e+00 -2.129598033749999786e-01
1.836754590000000409e+00 -4.081449033749999789e-01
1.353891989999999712e+00 -1.151676033749999828e-01
2.070236189999999699e+00 7.500428966249998997e-01
1.458181890000000092e+00 7.996286966249999129e-01
2.400203190000000486e+00 4.164458966249997562e-01
1.768401690000000137e+00 4.025792966250001381e-01
2.571067289999999783e+00 2.100077966250000205e-01
2.136810389999999948e+00 -3.526422033749998519e-01
2.541627989999999837e+00 -9.378690337499984153e-02
2.198774490000000359e+00 -6.646407033749999194e-01
1.844994690000000048e+00 -4.496340337499993289e-02
1.363547790000000148e+00 7.641635966250002188e-01
1.868480790000000002e+00 -1.021941603374999952e+00
1.789020090000000174e+00 5.659655966250001224e-01
2.281683689999999931e+00 -2.634150337499985284e-02
1.594851390000000091e+00 -1.355682033750000848e-01
2.331015389999999687e+00 5.852408966250000066e-01
1.246806990000000059e+00 4.767401966250000012e-01
1.992917189999999561e+00 -1.206126033749999049e-01
1.543269089999999455e+00 4.246859966249998397e-01
2.335226189999999757e+00 4.993913966250003167e-01
1.603127790000000275e+00 -4.443723033749999995e-01
1.666797989999999619e+00 -1.730661033750000577e-01
1.954112489999999980e+00 -8.911164033749998659e-01
8.376696899999998003e-01 7.279379662500029546e-02
2.057676389999999689e+00 -3.614631033749999833e-01
1.524538289999999741e+00 -8.194602033750000292e-01
1.051621889999999837e+00 4.318733966249996836e-01
1.368157889999999988e+00 -4.189986033749999450e-01
1.495353089999999607e+00 -5.551236033749997745e-01
1.026320789999999761e+00 2.619893966249999817e-01
1.492993589999999759e+00 2.507363966250000242e-01
1.734461190000000208e+00 3.001769966250000810e-01
1.869569789999999454e+00 -4.889124033749998599e-01
2.515165290000000109e+00 -4.126824033749998399e-01
1.718307690000000054e+00 7.194782966249999578e-01
2.420349689999999665e+00 2.650022966249998557e-01
2.532444089999999814e+00 3.842477966250001931e-01
2.304625289999999271e+00 7.766507966250000283e-01
1.292617589999999872e+00 -7.821075033750000127e-01
1.107342389999999899e+00 3.749912966249999702e-01
2.144179289999999849e+00 7.126175966250001270e-01
1.159323989999999860e+00 -4.416861033749999166e-01
1.399230689999999555e+00 3.482399662500035298e-02
1.933385189999999643e+00 2.088098966250002686e-01
1.984422990000000109e+00 -1.022430337500002118e-02
9.520872899999996974e-01 -3.838965033749996980e-01
1.214391089999999895e+00 1.853237966249998703e-01
2.602938689999999777e+00 1.133408966250000205e-01
1.966055190000000064e+00 6.869534966249999375e-01
2.479954289999999784e+00 -1.487088033749999205e-01
2.218703189999998937e+00 -8.326371033749999651e-01
1.574813789999999880e+00 2.688500966250002566e-01
2.038146989999999548e+00 -5.097849033749999315e-01
2.124032790000000226e+00 -7.331751033750000257e-01
1.514446890000000323e+00 3.346619966250001799e-01
1.891930590000000301e+00 -9.432069033750000164e-01
1.360462289999999630e+00 -8.324556033749999084e-01
1.829421989999999720e+00 -7.889682033749998435e-01
1.329498389999999919e+00 4.204388966250001136e-01
2.171113890000000435e+00 4.702061966250001834e-01
1.494118889999999755e+00 2.077589662500023415e-02
1.807206389999999718e+00 2.638406966250002039e-01
9.579315899999998329e-01 -6.000993033749997263e-01
2.120475390000000182e+00 -4.923972033749999255e-01
9.100518900000000855e-01 3.972449662500010525e-02
2.597421089999999655e+00 -4.420854033749999079e-01
2.055716190000000498e+00 6.706910966249999273e-01
1.811997989999999614e+00 -9.266904033750000824e-01
1.905760889999999819e+00 1.261547966250000652e-01
1.566936689999999910e+00 6.293090966249998974e-01
2.652814889999999703e+00 -3.592125033749999918e-01
9.528858899999996801e-01 4.149938966250001915e-01
1.854614190000000384e+00 6.004505966249997773e-01
2.515419390000000366e+00 -5.904798033750000563e-01
1.079572890000000118e+00 -4.851009033750000032e-01
2.282119290000000245e+00 -5.412207033749998342e-01
2.031249990000000061e+00 -4.337727033750000682e-01
2.421692789999999373e+00 4.961606966249998418e-01
1.428052890000000019e+00 -9.121341033749998939e-01
1.974367889999999903e+00 7.628930966250002665e-01
1.351496190000000208e+00 2.346554966250000707e-01
1.838896289999999656e+00 3.823619662499977423e-02
2.525692289999999840e+00 1.398035966249999706e-01
1.135002989999999823e+00 -4.028070337499989328e-02
2.333193389999999479e+00 1.204556966250001082e-01
1.422317489999999740e+00 -6.674721033749999588e-01
1.077213389999999826e+00 7.990859662499993910e-02
2.673215490000000027e+00 3.325928966249998009e-01
8.063064899999998758e-01 2.289563966249998916e-01
1.483083690000000399e+00 8.789441966249997851e-01
1.755551489999999770e+00 4.596809662500001004e-02
1.247024789999999772e+00 -4.283640033750000242e-01
1.626250890000000116e+00 -7.863546033749999609e-01
1.394039790000000334e+00 -4.539900337499980232e-02
1.977235590000000265e+00 -3.510087033750000085e-01
1.825138590000000338e+00 -2.934369033749997246e-01
2.442020789999999497e+00 -5.471376033749997259e-01
1.446638490000000221e+00 -8.343795033750001089e-01
1.375889790000000001e+00 -2.005089033749998251e-01
2.688171090000000429e+00 9.421079662499987073e-02
1.892874389999999796e+00 2.853665966250000796e-01
2.075971589999999534e+00 -2.828010033749999153e-01
1.906160190000000476e+00 3.712886966249995258e-01
1.487621190000000482e+00 4.903889966249999066e-01
1.724769090000000116e+00 -9.479985033749999124e-01
9.708180900000003000e-01 1.958870966250001455e-01
1.421627789999999614e+00 2.810468966250001532e-01
1.432517789999999902e+00 -2.594601033750001395e-01
2.188755690000000254e+00 7.836203966250001596e-01
1.330587390000000259e+00 6.034634966250000954e-01
1.675509989999999672e+00 -8.857440033749999220e-01
1.519492590000000032e+00 -1.343340033750000106e-01
1.167672989999999800e+00 -2.834544033750001635e-01
2.516290590000000105e+00 5.485778966250001165e-01
2.630599289999999701e+00 -2.709672033749999098e-01
1.936761089999999630e+00 -4.286181033749998370e-01
1.924782089999999890e+00 -6.391200337499980400e-02
1.089627989999999880e+00 -5.900079033749998647e-01
1.644328289999999804e+00 -5.973750337499983409e-02
2.263279589999999342e+00 5.860049662499999812e-02
1.788838590000000117e+00 -1.013084403374999720e+00
1.540619189999999694e+00 7.110566966249998178e-01
2.134233089999999944e+00 -5.559930337500018638e-02
1.742084189999999921e+00 2.055791966250002378e-01
1.905325289999999949e+00 -7.555359033749999842e-01
2.052412890000000267e+00 -6.075390337499997351e-02
1.385073690000000024e+00 6.623420966249999875e-01
1.140665789999999902e+00 4.654508966250003876e-01
2.144433389999999662e+00 2.617715966250002690e-01
1.306738289999999747e+00 7.023083966250001087e-01
1.557861689999999744e+00 5.398295966250004074e-01
2.204582490000000394e+00 -7.537572033749999623e-01
1.481813190000000002e+00 5.758754966249999274e-01
1.756132290000000040e+00 -3.842940337499989312e-02
2.479155689999999357e+00 -2.372445033750001375e-01
2.091072390000000336e+00 2.095739662499984668e-02
1.138887089999999880e+00 -2.070429033749998649e-01
1.442500289999999463e+00 7.253951966249998495e-01
2.141638290000000389e+00 -9.267993033749999388e-01
1.120446690000000078e+00 -3.649479033749998269e-01
1.689122489999999921e+00 4.541615966249998859e-01
1.020948390000000039e+00 5.601575966250000871e-01
1.603962689999999469e+00 -9.473088033749998971e-01
1.919010389999999955e+00 4.161209662499976147e-02
2.701928789999999747e+00 -1.230810033750000532e-01
2.680765889999999541e+00 -2.087490033750001306e-01
1.904018489999999897e+00 5.278868966249998795e-01
1.237441589999999980e+00 1.111628966250000072e-01
2.621524289999999535e+00 -1.371291033749997279e-01
